
1640102753.9095168
cross value:0.491
accuracy score:0.469
confusion matrix
{confusion_matrix}
-------------------------------------------------------------

1640102817.1135585
cross value:0.481
accuracy score:0.502
confusion matrix
[[  5   0   4   8   5]
 [  3   0   3   5  12]
 [  2   0   8  20  16]
 [  0   0   3  58  82]
 [  0   0   2  45 141]]
-------------------------------------------------------------

1640102991.04835
cross value:0.480
accuracy score:0.509
confusion matrix
[[  8   4   7   7   8]
 [  2   0   2   8   4]
 [  1   2   4  26  17]
 [  1   1   6  55  76]
 [  0   1   0  34 148]]
-------------------------------------------------------------

1640103057.2421598
cross value:0.485
accuracy score:0.505
confusion matrix
[[  4   2   2   7   6]
 [  1   0   0   9   5]
 [  3   0   9  29  21]
 [  1   1   2  63  72]
 [  1   1   3  43 137]]
-------------------------------------------------------------

1640103243.9906466
cross value:0.497
accuracy score:0.479
confusion matrix
[[  3   1   2  10   5]
 [  0   0   2   8   8]
 [  4   0   5  31  23]
 [  1   0   3  61  81]
 [  0   0   1  40 133]]
-------------------------------------------------------------
