
1640870460.5283659
accuracy score train:0.964
confusion matrix train
[[105   2   0   1   0]
 [  1  78   0   0   0]
 [  0   1 133   4   1]
 [  0   2   1 332  13]
 [  0   1   1  19 598]]
accuracy score vaild:0.631
confusion matrix vaild
[[ 14   3   8   5   6]
 [  4  10   4   3   5]
 [  2   5  18   8  13]
 [  4   0   4  70  38]
 [  2   0  10  35 160]]
accuracy score test:0.674
confusion matrix test
[[ 19   7   3   2   5]
 [  6   6   8   2   4]
 [  1   2  27  10   7]
 [  1   2   6  73  34]
 [  3   0   6  32 166]]
-------------------------------------------------------------

186	0	1		
1	133	5		
3	2	962		
		1293	1281	99.07%
				
				
31	12	19		
7	18	21		
6	14	303		
		431	352	81.67%
				
				
38	11	13		
3	27	17		
6	12	305		
		432	370	85.65%
